5140 6222
1660 4298 2 1651 
3 1 
2481 2384 4202 2829 2 
3117 537 5 
6 2543 4940 4 
5 2486 
11 8 69 
7 9 903 12 
8 904 10 2209 
9 2254 864 905 
12 70 7 
908 8 11 
14 
2198 15 13 
14 16 
15 17 
16 18 
17 19 
18 20 
19 21 
22 20 
23 1752 21 2203 
24 22 181 
1751 25 23 
26 24 
2206 27 25 
28 1749 26 
1747 27 29 
1746 2207 30 28 
1728 29 619 2208 
2490 2489 32 
48 31 1420 
950 34 2798 
35 2387 4601 33 
1358 34 36 
4598 35 2043 37 
36 2046 38 
39 37 
1209 40 38 598 
39 41 
42 40 
43 41 
42 44 
43 45 
44 46 
45 47 
46 
640 32 49 
48 50 4718 639 
49 4296 638 232 
52 
51 53 
52 54 
53 55 
56 54 
57 55 
58 56 
57 59 
58 60 
59 61 
62 60 
61 63 
62 64 
65 63 
64 609 1743 
67 2461 2460 
68 486 66 485 
2210 67 69 2774 
903 68 7 
11 71 
1408 1362 2464 70 
270 4272 73 4271 
72 2354 2353 74 
296 73 75 
76 74 
75 77 
78 76 
77 79 283 
78 1186 80 
3994 79 81 
3995 3994 80 
83 4408 992 
746 82 84 
83 85 
86 84 
87 85 
86 88 
87 89 
90 88 
89 
3997 92 
93 91 
2335 92 2643 
113 95 623 624 
1735 94 96 1734 
95 2290 97 
98 1067 2280 96 
2234 97 99 
100 1779 98 
4353 101 99 
102 100 4307 
2809 103 2808 101 
4255 102 2812 1073 
514 105 1702 1745 
1949 106 104 
107 105 4431 
108 1970 106 
107 4528 109 
110 4197 108 
3536 109 111 
4371 110 112 
543 113 111 
112 2315 2316 94 
2193 2809 115 
114 2159 116 
894 115 117 
118 1586 116 
1586 117 119 
120 4051 118 
119 121 1781 
120 122 1784 
121 1784 123 
124 122 2234 
123 125 136 
2308 2296 126 124 
125 127 2262 2304 
869 2294 128 126 
129 2278 127 
2260 128 130 
131 129 1863 
618 130 
2458 133 2457 
2195 2196 134 132 
133 135 2274 
134 4049 136 
124 4390 135 
138 377 373 741 
643 644 137 139 
1907 138 140 
141 139 
505 142 140 
2252 144 141 143 
142 144 
143 2253 142 145 
146 144 1701 
145 147 
1686 148 146 359 
485 147 2774 
805 150 806 
3971 3207 149 151 
150 3204 152 
151 3203 153 
152 154 3202 
153 3296 155 
156 3299 154 
157 155 3631 
158 156 
159 2348 2347 157 
4266 4267 158 2337 
161 
160 162 
163 161 
4564 2224 162 189 164 
163 4541 165 4542 
1346 164 166 
167 165 
166 168 
167 1150 169 
168 1143 1382 
1361 185 171 186 
170 172 
173 171 
172 174 
173 175 
176 174 
175 177 
178 176 
177 179 
180 178 
179 
2204 182 23 2203 
183 181 1419 
182 1411 184 
183 185 4529 
184 170 1409 
1406 170 1398 187 
4542 188 186 
187 1389 189 
188 4563 163 
191 
190 192 
191 193 764 
1439 194 192 
195 193 
1329 194 196 
4855 891 3561 195 
2975 1152 198 
199 912 197 
200 198 
199 
202 
201 203 
204 202 
205 203 
206 204 
207 205 
726 206 208 
207 4537 590 
210 4621 4665 
211 209 
212 210 
845 2064 2974 211 
5132 3148 3141 214 1841 
4296 213 
3672 1198 216 
215 4927 4888 217 
4888 216 218 1313 
1313 217 219 
218 220 3718 3710 
219 221 
222 3708 220 
223 5105 221 
224 222 4780 
225 223 5103 
5104 224 226 
225 5077 227 
4845 228 226 
227 229 5077 
5110 5111 228 
231 1347 1844 
4294 232 230 
231 1840 4203 50 
234 1194 
2439 233 235 
637 1981 234 1982 
1830 237 
1833 251 236 
2442 3039 1141 239 
240 238 
3724 239 
1831 242 888 4150 
241 243 
2855 4014 242 244 
243 245 
244 246 
1889 1678 245 1679 
2175 2001 2134 248 
247 249 2162 
250 3832 248 
249 1665 251 
250 237 
2782 253 983 
252 254 4577 
3430 253 3431 255 
258 254 1900 256 
362 255 1363 366 
258 1405 2469 
255 257 
263 2225 260 1279 
261 259 4460 
262 260 3432 
2470 263 261 
259 262 2465 
265 1197 
1142 264 266 
265 
1172 4287 1174 268 1165 
1172 269 267 
268 3627 1612 302 
271 72 2330 2329 
270 272 
2699 273 271 
272 2691 274 
273 2701 275 
274 276 2702 
275 2692 277 
2703 276 278 
277 2704 279 
280 278 2705 
2659 279 
282 2704 2703 
281 2476 2475 
1186 284 78 
285 283 
284 315 286 
285 287 
286 288 
287 289 
288 290 
291 289 
292 290 
293 291 
294 292 
295 293 
294 296 
74 295 
947 2452 298 
1659 2032 1692 297 
300 1666 2842 1667 
301 299 3640 
3560 300 1933 3561 
303 3537 269 1610 
304 1185 302 
305 303 
1337 304 306 
2748 2538 305 2747 
4752 316 308 4753 
4766 307 
3657 1861 310 
2962 309 2961 320 
2561 1345 2416 312 4740 
313 311 
314 312 
315 313 
314 4744 285 
307 317 321 
318 316 
319 317 4751 4053 
783 782 318 2562 
4052 310 321 
320 316 
650 1035 323 
3746 322 3748 
509 325 493 378 
324 326 
1645 327 325 
499 498 326 
329 
328 330 
329 331 
330 332 3483 4127 
636 331 635 333 
2077 334 332 
4261 335 333 3485 
336 334 
4060 335 3486 
2442 1192 338 1191 
339 1195 337 
338 1322 340 1189 
341 1195 339 
342 340 
341 
344 1009 1006 
1005 343 345 4403 
346 344 
345 347 4989 
346 348 
347 349 
348 350 
351 349 
350 4568 
353 
352 354 
1656 887 353 
1445 356 1450 
355 3742 360 357 
358 356 361 1445 
3743 357 359 
358 147 1700 
4616 356 380 2253 380 
357 2774 4048 
256 363 365 
362 364 
365 1905 363 
364 1267 362 
256 367 
368 1447 4608 366 
367 369 1926 
384 370 368 
1359 371 369 
370 641 372 651 
371 373 1448 642 
137 372 
1683 375 4400 
374 376 
375 
378 137 1924 
377 379 324 1230 
508 378 509 
381 2251 360 360 
380 382 1446 
383 1856 381 
384 382 
383 4134 369 
4061 386 2440 
385 387 
388 386 
3097 3098 387 
390 2023 1433 1001 
391 389 
2024 2023 390 1422 
400 393 
392 394 
426 393 395 
402 401 396 394 
397 395 416 
398 396 
397 431 410 
2022 2021 400 
399 392 
395 426 2020 
1562 1563 395 403 
402 594 595 
413 429 405 
404 409 406 
407 405 
3606 406 
413 409 412 
408 3606 405 
411 425 419 398 
410 412 
408 411 
404 430 408 
415 2019 2020 
418 414 416 
396 415 
418 1845 3607 
417 415 1849 
420 410 
419 421 
422 420 
423 421 
424 422 
423 425 
424 3607 410 
401 394 427 
428 426 2021 
427 
404 948 
413 431 
398 1565 430 598 1566 
1488 1513 433 1489 
432 1493 434 
1487 433 1493 435 
436 434 
435 437 
1483 436 438 1482 
1687 437 2461 
440 689 816 704 
439 441 
442 440 
441 443 
442 444 
443 445 
444 446 
445 447 
446 448 
449 447 
448 450 
451 449 
450 452 1525 
453 451 
697 452 696 
455 694 664 
454 456 
455 457 
456 458 
677 457 678 
3173 460 711 
459 2887 2886 461 
460 462 924 
461 463 
464 462 
463 465 
2935 464 466 
465 467 
2898 468 466 
2954 467 469 
2949 468 
471 3533 3652 
470 472 
3652 471 3513 
3301 474 1618 
475 473 
476 474 
475 477 
476 478 
2236 2235 477 
480 
479 481 
482 4883 480 4882 
4761 483 481 
482 4222 484 
1535 483 1153 
2461 67 148 
487 67 2210 2211 
2454 486 2453 
489 739 740 
488 490 2081 
489 491 2082 
490 1853 492 
493 491 
1649 324 492 1650 
976 962 495 
494 2104 496 2003 
495 497 
743 498 496 
327 2095 497 1648 
500 2092 327 1655 
1927 499 501 
502 2087 500 
2160 503 501 
2091 1663 504 502 
3814 3797 503 3815 
506 141 1644 
647 507 646 505 
506 508 
379 1134 507 
3796 1647 324 379 
511 
512 510 
942 2788 511 
514 4444 4534 1743 
104 513 
516 529 
4745 517 515 
516 518 
517 519 
518 520 
519 521 
520 522 
521 523 
522 524 
3962 523 525 
526 524 
525 527 
526 528 
527 529 
515 528 
531 536 4201 2357 
530 532 
1999 531 533 
532 534 
2833 2834 533 
536 2860 
535 530 
2559 2563 538 3124 4 
2577 537 
549 540 550 
539 541 1451 
542 540 
551 552 541 
544 112 
545 543 
4196 544 546 
545 547 
546 1778 548 
547 549 
539 548 4311 
539 551 
4315 542 550 
553 542 
552 554 
4313 553 555 
554 556 
555 557 
556 4334 558 
557 559 
558 560 
559 561 4332 
560 562 1727 3963 
563 561 
4351 562 564 
565 563 
566 564 
567 4348 565 
1726 568 566 1727 
567 4375 569 
3970 570 568 
569 1723 4336 
587 572 
573 571 
572 574 
575 573 
574 576 1860 
575 577 
578 576 
579 577 
578 580 
1117 579 581 
582 580 
581 583 
584 582 1854 
585 583 
584 586 
587 585 
1858 586 571 
589 
1679 1699 588 1680 
208 2785 1875 4537 984 
592 
593 591 
594 592 
403 593 
403 596 
597 595 
596 598 
431 39 597 599 
600 598 
601 599 
602 600 
1568 601 4596 4585 2485 
1354 604 1353 
605 603 
604 1541 
795 2460 607 2990 
2193 608 606 2211 
607 2453 
1277 610 4507 65 
609 611 
1749 612 1745 610 
613 1941 1942 611 
612 4527 614 
4081 613 615 
616 4525 614 
615 1963 617 
2320 618 616 
131 617 
1729 620 30 1746 
621 619 
622 620 
623 621 
622 94 
94 625 
626 624 
627 1451 1066 625 
626 628 
627 629 2312 
630 628 1739 
631 629 
632 1034 630 
631 633 
1498 634 632 1742 
3725 2322 633 1526 
2078 332 3483 
637 332 
636 1979 1980 235 4127 
4262 639 50 
49 640 638 4273 
639 1421 48 
371 642 
372 641 643 
642 138 
138 645 
644 1231 646 
645 506 
648 506 1643 
3744 647 649 
3746 648 650 
322 649 3750 
371 3429 
1548 2797 2796 653 
654 652 
653 655 
654 656 
655 657 
656 4588 
659 4777 4754 856 
660 658 
661 3556 659 
660 662 
663 2058 3554 661 
662 664 
676 663 454 
688 666 693 
667 3004 665 
668 666 
667 2924 669 
670 668 
669 671 
670 672 
671 673 
672 674 
675 673 
674 3159 2999 
2050 677 664 
676 458 
679 3249 458 
680 678 
681 679 
680 682 
681 3250 683 
3228 684 682 861 
683 685 861 
684 686 
685 687 
688 686 
687 665 
2909 439 690 705 
689 691 
692 690 
693 691 
692 665 
454 695 
696 694 
695 453 
698 453 
697 699 
700 698 
701 699 
702 700 
701 703 
704 702 
439 703 
706 689 
705 
715 716 708 
709 707 
708 710 
709 711 
710 459 
725 713 2913 
712 714 
713 715 
707 714 
707 717 
716 718 
717 719 
720 718 
721 719 
3170 720 722 
721 723 
724 722 
723 725 
724 712 
1880 1881 727 207 
3434 726 3433 
4027 729 1440 
728 730 3364 
731 3420 3365 729 
732 730 4705 
731 733 3333 
734 732 4717 
733 3344 735 
734 736 3343 
735 3465 
3052 738 4415 4408 
739 979 737 978 
738 488 
741 488 
137 1851 740 
4422 743 
497 742 
745 4421 747 
744 4399 4400 
83 747 
744 746 
4078 2163 749 
748 750 
749 751 
750 
3957 753 3958 
755 752 3454 
3958 3959 755 
753 754 3450 
764 757 
756 4885 
5035 2163 759 
758 760 
759 761 2169 
760 762 
761 5040 763 
4718 762 
192 756 
766 1153 4761 4749 
1530 767 765 1529 
1529 768 1181 766 
767 1282 1710 769 
768 1168 770 
769 1171 771 3472 
1170 2735 770 
773 
772 774 
773 775 
776 774 
777 775 
776 778 
777 1523 779 
780 1522 778 
779 781 
4751 782 780 
781 319 
319 784 
4053 783 4054 785 
3475 784 786 
785 787 
786 788 
4720 789 2399 787 
4719 788 790 2397 
1238 789 791 
792 790 
4158 793 791 
794 792 
3660 793 3661 1694 
606 796 4255 
797 2811 795 2810 
796 798 
797 1585 799 
800 798 
801 799 
802 800 
3218 803 801 
802 804 
803 2781 805 
149 804 
3971 807 149 
806 
858 2963 2964 809 
810 808 
811 809 
812 810 3656 
813 811 
4636 812 
815 
3409 814 3422 
439 
3699 1077 818 
817 824 819 
3994 818 820 3701 
821 819 3702 
1108 820 822 
2352 821 823 2353 
4271 822 2331 4270 
818 825 826 
824 
829 824 827 
826 828 
829 827 
828 1075 826 
831 923 2663 
830 832 
831 833 
834 832 
918 833 2662 835 
834 836 
835 837 
2667 836 2666 838 
839 837 
840 838 
2679 841 839 2670 2671 
840 842 
841 843 
842 844 
843 
212 846 2065 
845 847 
846 848 
847 849 
848 850 
849 851 
850 852 
851 853 
854 852 
855 853 
854 856 
2616 658 857 855 
858 856 
857 808 
3161 3162 860 
861 859 
860 683 684 
1543 863 1544 
862 
2197 865 2196 10 
2277 864 866 
867 865 2263 
2270 866 868 
867 2276 869 
868 2262 127 2303 
871 4557 4567 
870 872 
871 873 
872 874 
873 875 
874 876 
877 875 
878 876 
879 877 
878 880 
881 879 
880 882 
883 881 
884 882 
883 885 
886 884 
885 
354 2855 888 
241 887 1832 
3840 896 890 
3032 889 895 
3489 892 196 
893 891 
892 
2159 116 
890 896 1546 1196 
889 895 
898 4557 4566 
4534 4557 897 
4443 4435 900 
899 901 
902 1703 1704 900 
901 4378 4379 
904 8 69 
903 2210 9 905 
2459 10 904 
1362 907 917 2206 
908 2463 906 2464 
12 907 
5045 910 1489 1490 
1496 911 909 
910 1514 912 
198 1152 911 
914 
1412 915 913 
914 916 
917 915 
906 1415 916 
2661 834 923 919 
918 920 
919 921 
2665 922 920 
921 2643 2669 
2339 2818 830 918 
461 925 
924 926 
927 925 3197 
926 928 2878 
927 929 
928 930 
931 3371 929 
930 932 
933 2994 931 
932 934 
933 935 
934 936 
2979 2978 935 
2746 2745 938 
939 937 
938 4299 2538 4230 
2731 2726 941 
2627 940 2628 
2796 512 943 
942 944 
943 945 
944 946 
947 945 
1318 297 946 
429 4668 2483 2361 949 
948 2447 
33 951 
1352 1357 952 950 
951 2485 1352 953 
952 954 
4587 2483 953 
4423 956 963 
955 975 974 
958 1890 3918 
957 959 
958 960 4409 
961 959 
2504 960 4153 970 
963 494 975 
2792 962 955 
965 4414 4392 
964 966 
965 967 
968 966 
969 967 
968 981 982 
971 961 
970 972 4987 
973 971 
974 972 
3817 956 973 2147 
956 962 2004 
494 2105 977 
4404 976 978 
977 738 2081 
980 738 
981 979 1850 3040 
969 980 
983 969 
982 2789 4607 252 
590 985 
984 4580 986 4581 
985 4844 3449 987 
986 988 
987 989 
4578 990 988 
2775 989 4392 
992 2793 994 
993 991 82 
1681 994 992 
993 991 2802 
996 4247 3662 
995 997 
996 998 
997 2532 
4018 1000 1433 
4293 999 1001 
389 4792 4791 1000 
1006 4398 1003 
5000 4999 1002 1004 
1003 
1006 344 1007 
1002 343 1005 
1005 1008 
1007 
343 
2610 1011 4885 
1010 1018 1012 
1011 1013 
1014 1012 
1329 1013 1015 
1014 1328 1016 
1015 1327 2605 4887 
3659 3658 1018 
1011 4858 1017 
1308 1307 1020 
3831 1019 1021 2477 
3626 1020 2326 3625 
1034 1023 
1022 1024 
1023 1025 
1026 1024 
1027 1025 
1028 1026 
1027 1029 1031 
1028 1030 
1029 
1028 1510 1032 1511 
1511 1033 1031 1528 
1527 1526 1032 
2311 1022 2310 631 
3636 322 1036 4291 
3740 1035 3790 
1038 1042 1054 
1037 1039 
1038 1040 
1041 1039 
1040 4665 4661 
1043 1037 1053 
1042 1044 
1045 1043 
1061 1044 1046 
1045 
1048 1056 3542 
1049 1047 
1048 1050 
1051 1049 
1052 1050 
1051 1053 
1042 1052 
1055 1037 
1056 1054 
1047 1055 4781 
1058 3545 1064 
1057 1059 
1060 1058 
1061 1059 
1045 1060 
3539 3543 1063 
1062 
1065 3544 1057 
1064 
1067 1737 626 1736 
97 1066 1068 
1069 1092 1067 
1087 1070 1068 
3605 1071 1069 
1070 1083 1072 
1073 1086 1071 2808 
1104 1072 103 2817 
1076 1075 
1074 829 
1074 1077 
817 1076 
2672 4270 1079 
1078 2333 1080 2332 
1079 2655 1081 2656 
1080 1082 
1081 
1084 1071 
1085 1083 
1084 1086 
1091 2817 2324 1085 1072 
1069 1088 
1089 1087 
1090 1088 
1091 1089 
1086 1103 1090 
1093 1068 
1092 1094 
1093 1095 
1094 1096 
1097 1095 
1096 1098 
1099 1097 
1098 1100 
1099 1101 
1100 1102 
1103 1101 
1739 1091 1102 
1073 2813 1105 2812 
1104 1106 
1107 1105 1581 1580 
3216 1994 1106 
3634 821 4006 3635 
1110 
1109 
1112 
1111 
1114 
1113 
1662 1116 1695 
3791 4144 3790 1115 
580 2832 1118 2835 
4630 1117 4631 
1120 
3604 1121 1119 
1122 1120 
3753 3773 1121 1123 
1124 1122 
1125 1123 
1124 3752 1126 
1127 1125 
1128 1126 
1129 3789 1127 
1130 1128 
1131 1129 
3775 1132 1130 
1131 1133 
1132 
508 1135 1139 
1136 1134 
1135 1137 
1136 1138 
1137 1139 
1138 1134 
1141 1194 3097 2441 
1140 238 
265 
1144 1418 169 
1145 1143 
1146 1144 
1145 1368 1147 
1146 1148 1385 
1369 1149 1147 
1148 1386 1150 1383 
4538 1387 1149 1151 168 
1388 1150 4538 1387 
2976 912 197 2059 3196 
484 765 1154 
1155 1534 1153 1533 
1156 1154 
1155 1157 
1158 1156 
1157 1159 
1158 1160 
1159 1161 
1182 1160 1162 
1163 1161 
1164 1162 
1163 1165 
267 1330 1164 
4058 4057 1167 
1166 1333 4223 
2537 769 1171 
1170 2474 2475 2706 
1171 771 1169 2736 
770 1170 3627 1168 
1173 268 2537 267 
1174 1175 1172 
267 1173 
1173 1176 
1177 1175 
1178 1176 1705 
1179 1177 
1180 1178 
1179 1181 
1182 1180 2535 767 
1161 1181 
1184 3960 2612 
2527 1183 
2530 1603 303 1338 
79 283 
1188 2022 2804 
1189 4835 1187 4830 
1188 339 1326 
1864 1195 1191 
2443 337 1190 
337 1193 
3096 1194 1192 
1140 1193 233 
1190 340 338 
4025 1197 895 
264 5116 1196 
1199 215 2877 4888 
1198 1200 4207 4970 
1201 1199 
1202 1200 
1201 4694 4970 1203 
1202 1204 
1203 5024 1205 
1206 1204 
1205 1207 
1206 1208 
1207 5031 5030 
1572 1210 2049 39 
1211 1209 
1212 1210 
1211 
1214 
1213 1215 
1214 1216 
1215 1217 
1218 1216 
1217 1219 
1218 1220 
1219 1221 
1220 1222 
1221 1223 
3915 4543 1222 2225 
1225 4037 4036 
1265 1264 1224 1226 
1227 1225 
1226 1228 
1229 1227 
1904 1228 2465 
1231 378 
1230 645 
1262 4149 1365 1233 
1232 1234 
1235 1233 
1236 1234 
1235 1237 3488 
1236 3487 
790 
1240 3581 
4263 4264 1239 
3693 1242 3694 
1241 1243 
1261 1244 1242 
1243 1245 1596 
1246 1244 1593 
1247 1245 1591 
1246 1601 1248 
4143 1247 1249 
1248 1250 
1249 1251 
1252 1250 
1253 4140 1251 
1252 1254 
1255 1253 
1254 1508 1256 
1257 1255 
1508 1258 1256 
1257 1259 
1258 1260 
1259 1261 
1260 1243 
1232 1902 1263 
1262 1264 
1263 1225 
1225 1266 
1265 1267 
365 1266 3917 
1561 1276 1269 
1751 1277 1268 
1271 
1270 1272 
1271 1273 
1272 1274 
1273 1275 
1276 1274 
1268 4507 1277 1275 
1269 609 1276 
1904 2229 1388 1279 
1278 259 
2547 1281 2546 
3474 1282 1280 
768 1281 
4973 1284 4760 3877 
1283 1285 
1284 1286 
1287 1285 
1286 3855 1288 
1287 1289 
1288 1290 
1289 1291 
1290 2557 1292 
4873 1293 2556 1291 
1294 1292 
1293 1295 
1294 1296 
1297 4058 2553 1295 
1296 1298 
1297 1299 
1298 1300 
1301 1299 
2551 1300 2561 1302 
1301 1303 
1302 1304 
1303 1305 
1306 1304 
1307 1305 
1019 1306 2549 
2355 1019 2354 
3678 3679 1310 
3822 1309 
1312 3681 3680 
1313 4925 1311 3717 
218 217 3718 1312 
1317 1315 3835 4945 
1314 1316 
1315 1317 
1314 3836 1316 
2451 1319 947 
1320 1318 
1319 2385 
1322 1326 1325 
339 1321 
1324 
1323 1325 
1321 1324 
1321 1189 
1328 1016 4855 
1327 1329 1015 
1328 1014 195 
4755 4290 1165 
1333 1332 
1331 4748 
4224 1167 1331 
2239 2238 1335 
1336 1334 
1342 1335 1337 
305 1336 
1185 1339 
1338 1506 1340 
1339 2235 1341 
2236 1342 1340 
1507 1336 1341 
4054 1344 2406 2407 4055 
1345 1343 
311 2562 1344 
165 
1348 230 
1349 1347 
1350 1348 
1349 1351 
3060 1350 
1353 952 1356 951 
603 1352 
2449 1355 603 
1354 1356 
1355 1352 
4601 1358 951 2485 
35 1357 
370 1360 
1359 
1362 170 
1416 906 71 1361 1407 
1364 256 1450 1905 4149 
1365 1363 
1232 1364 
1449 1367 1850 
1366 3429 
1146 1371 1372 
1148 1370 1383 
1371 1369 
1368 1370 
1368 1373 
1372 1374 
1373 1375 
1374 1376 
1377 1375 
1378 1376 
1379 1377 
1378 1380 
1379 1381 
1380 1382 
1383 169 1381 
1149 1369 1382 
1385 1904 1408 
1384 1147 1386 
1149 1387 1385 
1150 1151 1386 
1151 2222 1278 4564 
1399 1390 188 
3372 1389 1391 
1390 1392 
1393 1391 
1392 1394 
1393 1395 
1394 3377 
1398 1403 1397 
1398 1396 1399 
1396 1397 186 
1397 3372 1389 
1401 
1402 1400 
1403 1401 
1402 1396 3378 
1405 
257 2470 1404 
1407 186 
1362 1406 1408 1414 
71 1384 1407 
1410 185 
1409 
183 1419 1412 
1411 914 4565 
1414 
1418 1407 1413 
1416 917 
1362 1415 
1418 
1414 1417 1143 
182 1411 
32 
640 1424 
1845 1423 391 
1422 2424 
2492 1425 1421 
1424 2155 1426 
1425 1427 
1426 1428 
1427 2493 2494 
2577 2578 1430 
1429 
3025 1432 5123 4019 
1431 1433 
999 1432 3157 389 
3659 3660 1435 
1434 1436 
1435 1437 
1436 
1439 
1438 193 
1441 728 4282 4281 
1442 1440 
1443 1441 
1444 4274 4273 1442 
4026 1443 4262 
4048 355 357 
381 1447 
367 1446 1450 
372 1449 
1448 1366 
1447 4616 355 1363 
540 2314 626 2313 
3189 3188 1453 
1452 1454 
1455 1453 
1454 3282 3283 1456 
1457 1455 
1458 1456 3257 
3289 1459 1457 
1458 1460 
1461 1459 
1462 1460 
1461 3166 3167 
1464 
1463 1465 
1466 1464 
1467 1465 
1466 1468 
1469 1467 
1470 1468 
1471 1469 
1472 1470 
1471 1473 
1474 1472 
1475 1473 
1476 1474 
1475 1477 
1476 1528 
3741 1499 1479 
1478 1480 
1481 1479 
1495 1482 1480 
1481 1494 437 
437 1484 
1485 1483 
1484 1486 
1485 1490 1491 
434 1488 1492 
1487 432 
909 432 
909 1486 
1486 1492 
1491 1487 
434 1499 433 
1495 1482 
1494 1481 
1519 1520 910 
1511 1498 2309 
1526 633 1497 
1500 1493 1478 
1499 1501 
1500 1502 
1501 1503 
1502 1504 
1503 1505 
1521 1504 1518 
1896 1339 2612 
2237 2238 1342 
1257 1255 
1510 4163 4368 4162 
1509 4005 1031 
1032 1031 1497 
1513 1520 1521 
1512 432 
1515 911 
1516 1514 
1515 1517 
1518 1519 1516 
1517 1505 
1517 1496 
1496 1512 
1505 1512 
4751 1523 779 
1522 1524 778 4766 
1523 1525 
1524 451 
634 1033 2321 1498 
2816 1033 3728 
1032 1477 
766 2548 767 
1531 766 
1532 1530 
1531 1533 
1154 1532 
1154 1535 
3957 1534 484 
3419 1537 4717 
1536 1616 3465 
4575 4417 1539 2503 4569 
4573 4572 1538 1540 
4814 1539 
605 1542 2450 1551 
1543 1541 
1542 862 2356 4202 
1545 862 
1546 1544 
4017 4016 895 1545 
2482 2450 2451 1548 
652 1547 
1550 2797 2798 4591 2047 
1549 1551 
1541 1550 
1553 
1554 1552 
1555 1553 
1556 1554 
1557 1555 
1558 1556 
1559 1557 
1558 1560 
1559 1561 
1752 1268 1560 
402 
402 1564 
1563 1565 
431 1564 
1567 431 
1566 1568 
602 1567 
1570 
1571 1569 
1572 1570 
1209 1571 
1574 2349 3295 
1575 1573 3200 
1574 1576 
1575 3996 
1578 3979 3220 
1577 1579 
1578 1580 
1106 1579 
1582 1106 
1583 1581 
1584 1582 
1585 1583 
798 1584 1998 4350 
118 117 4352 
1591 1589 1588 
1587 
1590 1592 1587 
1589 
1587 1246 
1595 1589 1593 
1245 1592 1594 
1593 
1592 
1244 1597 
1596 1598 
1599 1597 
1598 1600 
1601 1599 
1602 1247 1600 
1601 
1185 1604 
1605 4692 1603 
1604 1606 
1605 1607 
1606 4680 1608 
1609 1607 
4670 1608 1610 4669 
1609 3940 1611 302 
1610 1612 3952 
1611 4383 269 
1614 4297 
1613 1615 
1614 4385 3453 
1617 1537 1632 
1616 1633 3467 
473 1638 1619 
1639 1618 3301 
3574 1621 3575 
1620 1622 
1623 1621 
1622 1624 
1625 1623 
1626 1624 
1625 1627 
1626 1628 
1629 1627 
1628 1630 
1629 1631 
3959 1630 3576 
1616 1633 1634 
1635 1617 1632 
1636 1632 1635 
1633 1634 1637 
1634 3466 1637 
1635 1636 1639 
3466 1618 1639 
1638 1619 1637 
1644 1643 1641 
1642 1640 
1641 4083 
1640 647 
1640 505 
1646 326 1838 
1836 1647 1645 
509 1654 1646 
1649 498 
493 1648 
1924 493 
1652 1656 1 2831 
1653 1651 
1652 1680 3639 1666 
1655 1647 1836 
2089 1654 499 
1657 354 1651 2838 
1658 1656 
1657 
1660 298 
1 1659 
3749 1662 4129 
3636 1673 1115 1661 
503 1664 2017 
4619 1665 1663 
250 2161 1664 
299 1653 
299 1668 
3490 1667 3489 1669 
1668 1670 4857 
4862 1669 1671 
4861 1670 4866 1672 
1671 1688 3685 
1674 1662 
4128 1675 1696 1673 
1674 1676 
1675 1698 1835 1677 
1678 1676 
1677 246 
246 589 
589 1653 
4416 1682 993 
1683 1681 
374 1682 
1687 3747 1685 
1684 1686 2219 
1685 3745 147 
4291 438 1684 
1689 4852 4860 1672 
1693 1688 
3955 1691 3885 3918 
1690 1692 
298 1691 4298 
1689 1694 
794 4875 1693 4858 
1115 1696 
1674 1695 1697 
1698 1696 
1676 1697 
589 
1701 359 
145 1700 
1703 104 4126 
4378 901 1702 4437 
4381 901 
1706 1177 
1705 1707 
1708 1706 
1707 1709 
1708 1710 
768 1709 
1712 4165 4166 
1713 1711 
1714 1712 
1715 1713 
1714 4347 1716 
1715 1717 
1718 1716 
1719 1717 
1720 1718 
1721 1719 
1722 1720 4356 
1723 1721 
3974 1722 570 
1725 3969 4181 
1726 1724 
567 1725 
561 3961 4159 567 
1729 30 2254 
1728 2197 619 1730 
1729 1731 
1730 1732 
1731 1863 1733 
1734 1732 
95 1733 
1736 95 
1735 1066 
1066 1738 
1737 1739 
1740 629 1738 1103 
1739 1741 
1740 1742 
2322 633 2324 1741 
1744 513 65 
1745 1743 
104 611 1744 
619 2319 29 1747 
4079 28 1746 1748 
1747 1936 1749 
611 1750 27 1748 
1751 1749 
24 1269 1750 1752 
22 1561 1753 1751 
1752 1754 
1753 1755 
1754 1756 
1757 1755 
1756 1758 
1759 1757 
1760 1758 
1761 1759 
1760 1762 
1763 1761 
1764 1762 
1763 1765 
1764 1766 
1767 1765 
1768 1766 
1769 1767 
1768 1770 
1769 
1772 4524 
1773 1771 
1772 1774 
1773 1775 
1776 1774 
1777 1775 4098 
1776 1778 
4099 1777 4195 547 
1780 1782 99 
1803 1781 1783 1779 
1780 120 
1779 1783 
1782 1780 
121 122 
1786 1829 1828 
1785 1787 
1788 1786 
1794 1787 1789 1806 
1805 1790 1788 1793 
1789 1804 1803 
1824 1792 
1791 1793 1802 
1789 1794 1792 
1820 1793 1788 1795 
1794 1796 
1795 1797 
1799 1829 1796 
1820 1799 1819 
1797 1798 1825 
1801 1827 1828 
1810 1800 1811 
1803 1792 
1790 1780 1802 
1805 1790 
1789 1804 1806 
1805 1807 1788 
1806 1808 
1809 1807 1828 
1810 1808 
1809 1801 
1801 1812 
1811 1813 
1812 1814 
1815 1813 
1816 1814 
1817 1815 
1818 1816 
1819 1817 
1798 1818 
1798 1794 1821 
1820 1822 
1823 1821 
1822 1824 
1823 1791 
1799 1826 
1827 1825 
1800 1826 
1800 1785 1808 
1797 1785 
1831 236 
1830 241 
888 2526 3956 
237 1834 3814 
4397 4014 1833 1835 
1834 1676 
1646 1654 1837 
1838 1836 
1837 1645 
3099 3098 1840 
1839 232 1934 4262 
213 1842 3031 
1843 5087 1841 
1844 1842 
1843 230 
1849 1846 1422 417 
1845 1847 
1846 1848 
3035 3034 1847 
2019 418 3035 1845 
980 1366 
1852 741 
1853 1851 
491 1852 
583 2866 
1856 1906 
4617 1855 382 
1858 4630 4629 
1857 1859 2841 587 
1858 2864 
575 
309 2610 1862 
1861 4637 4636 
1732 130 
1865 1190 
1864 1866 
1867 1865 
1868 1866 
1867 
2784 4579 1870 4580 2785 
1871 1869 
1872 1870 
1871 1873 
1874 1872 
1875 1873 
3432 590 1876 1874 
1875 1877 
1878 1876 
1877 1879 
1880 1878 
726 1879 
1882 726 
1881 1883 
1882 1884 
1883 1885 
1884 1886 
1887 1885 
1886 1888 
1887 
4154 2863 2867 4156 2824 246 
2799 957 2452 
1892 
1891 1897 1893 
1894 1899 1892 
3562 1893 1895 
1894 
1506 1897 2235 
1896 1899 1892 
1899 
1893 1897 1898 3562 
1901 255 
1900 
1903 1262 
1902 1904 
1229 1384 1903 1278 
1363 364 
3062 1855 1907 
139 1906 
1921 1920 1909 
1921 1908 1910 
1909 1911 1917 
1912 1910 1916 
1911 1913 
1914 1912 
1913 1915 
1914 
1911 
1918 1922 1910 
1917 
2746 1920 
1919 1923 1908 
1908 1909 
1923 1917 4246 
1922 1920 4245 
1650 377 1925 
1924 
368 
500 1928 
1927 
1930 4145 
1929 1931 
1930 4623 
1933 4094 
1932 301 
1840 4840 4841 1935 
4060 4061 1973 1934 
1748 1962 1937 
1938 1961 1936 
1960 1939 1937 
1938 1940 1959 
1941 1939 1958 
1940 612 1957 
612 1943 1950 
1942 1944 1951 
1952 1943 1945 
1944 1953 1946 
1947 1954 1945 
1948 1946 
1955 1947 1949 
1956 105 1948 
1942 
1943 
1944 
1945 
1946 
1948 
1949 
1941 
1940 
1939 
1938 
1937 
1936 
1964 616 
1963 1965 
1966 1964 
1967 1965 
1966 1968 
1967 1969 
1968 1970 
1969 107 
1972 1980 1981 
1973 1971 4138 
1935 1972 4836 4837 
1975 
1974 1976 
1975 1977 
1976 1978 
1979 1977 
1978 637 
4137 637 1971 
1971 235 
1983 235 
1984 1982 
1985 1983 
1984 
4907 1987 
1986 1988 
1987 1989 
4894 4907 1988 
4138 1991 4139 
1990 
1993 2780 2781 
1992 1994 
1107 1993 1995 3217 
1996 1994 
1995 1997 
1996 1998 
1585 1997 
532 2000 
4018 4017 1999 
2002 247 
3879 2001 3880 
495 2102 2004 
2003 975 2005 
2103 2006 2004 
2005 2133 2007 
2008 2006 
2126 2147 2007 2009 
2008 2010 2127 
2009 2011 
2010 2012 4391 
2145 2013 2011 
2012 2096 2014 
3798 3799 2015 2013 
2016 2148 2014 
2015 2221 2174 
2018 2160 1663 2161 
2017 2377 2376 
1849 414 3036 
3723 414 401 
399 4725 427 
1187 399 2803 
389 391 2828 
391 2025 
2026 2024 
2424 3072 2025 
2028 
2389 4603 2027 
2030 
2031 2029 
2030 3653 3675 4612 
2033 298 
2034 2032 
2382 2033 
3452 2036 4737 
3452 2035 3451 
3571 4220 2038 
2037 4264 2039 
2040 2038 3613 
4263 2041 2039 
3616 2040 2042 
2079 3630 2041 2157 
2388 2044 36 
2045 2394 2043 
2049 2046 2044 
37 2045 
2048 1549 
2387 2047 
2045 1209 
676 2051 
2052 2050 
2053 2051 
2052 2054 
2055 2053 
2056 2054 
2055 2057 
2056 2058 
662 2057 
1152 2060 
2061 2059 
2062 2060 
2063 2061 
2062 2071 2072 
2975 2065 212 
2066 2064 845 
2067 2065 
2068 2066 
2069 2067 
2074 2068 2070 
2071 2069 
2070 2063 
2063 3258 2073 
2072 2074 
2073 2069 
2076 2077 
2078 2075 
333 2075 
635 2212 2076 
2042 2080 4827 
2158 4283 2079 
489 978 2084 
2085 490 
2084 2086 
2081 2083 
2082 2086 
2085 2083 
501 2088 
2091 2090 2087 
2090 1655 
2088 2089 
3796 2088 503 
2093 2143 499 
2170 2092 2094 
2095 2120 2093 
498 2094 2101 2102 
2013 2144 2097 
2098 2112 2096 
2119 2099 2097 2111 
2106 2100 2098 
2099 2120 2101 
2095 2100 2113 
2146 2103 2095 2003 
2102 2005 2131 
495 2105 
2104 4421 976 
2099 2107 
2108 2106 
2107 2109 
2108 2110 
2109 2111 
2098 2110 2112 
2097 2111 
2101 2125 
2115 
2116 2114 
2125 2115 2117 
2116 2118 
2117 
2122 2098 2123 
2094 2100 
3800 2122 
2119 2121 
2119 2124 
2123 2148 3799 
2113 2146 2116 
2008 4399 
2009 2128 
2129 2127 
2128 2130 2132 
2131 2129 
2103 2130 
2133 2129 
2132 2006 
2174 2381 2135 2191 247 
2134 2136 
2135 2137 
2136 2138 
2367 2381 2137 2139 
2138 2380 2140 2366 
2139 2141 
2142 2140 
2141 2143 
2380 2092 2184 2142 
2096 2145 
2144 2012 
2125 2102 
2008 974 
2015 2124 3800 
2150 
2149 
2152 
2151 
2158 2157 2154 
2155 2153 
2156 2154 1425 
2155 
2042 2494 2153 3616 
2080 4284 2153 
115 4307 894 
2017 2364 502 
1665 2017 2192 2162 
2161 248 2369 
748 2164 758 
2165 2163 
2164 2166 
2168 2167 2165 
2166 
2169 2166 
760 2168 
2171 2093 2176 
2170 2179 2172 
2171 2180 2173 
2174 2183 2172 
2175 2134 2016 2173 
247 2174 2221 
2170 2177 
2178 2176 
2177 2179 
2180 2178 2187 2171 
2179 2188 2172 2181 
2182 2180 
2181 2183 
2182 2173 
2185 2143 
2186 2184 
2185 2187 
2179 2380 2188 2186 
2189 2187 2381 2180 
2188 2190 
2189 2191 
2134 2190 
2379 2378 2161 
114 2194 607 
2195 2193 2454 4051 
2457 4049 133 2194 
864 2273 133 2272 
2254 864 2255 1729 
14 2199 
2198 2200 
2201 2199 
2202 2200 
2201 2203 
4529 181 2202 22 
2205 181 
2206 2204 
2207 906 26 2205 
29 2208 2206 
2209 2207 2462 30 
2208 9 
486 2456 904 68 
486 607 
2213 3425 2078 
2214 2212 3424 
2215 2213 
4701 2214 
2217 3410 3423 
2216 2218 
2217 4702 4701 
2220 1685 3744 
2219 
2016 2175 3798 
2223 1388 2224 
2222 
163 2222 
2226 259 1223 
2227 2225 
2228 2226 
2227 2229 
2228 1278 3981 
4919 2231 4918 
5092 2230 2232 
2231 2233 
3394 4785 2232 
98 123 
1896 478 1340 
1341 2237 478 
2236 1507 3719 
1507 1334 
1334 2240 
2239 2241 
2242 2240 
2243 2241 
2244 2242 
2245 2243 
2244 2246 
2245 2247 
2754 2248 2753 2246 
2247 4301 
2250 
2249 
2252 3061 380 
2251 3063 142 
360 144 
2197 10 1728 
2197 2256 
2255 2257 
2256 2258 
2259 2257 
2260 2258 
2278 2259 129 
2262 
126 869 2261 2308 
866 2264 2271 
2307 2263 2265 
2273 2264 2274 2266 
2267 2265 
2268 2266 
2267 2269 
2268 2270 
2271 867 2269 
2270 2263 
2196 2459 2458 
2196 2265 2275 
2265 134 4390 
2273 
868 
865 
2260 128 2279 
2278 
2281 2282 97 
2280 2295 
2283 2284 2280 
2295 2282 
2286 2282 2285 
2296 2284 
2284 2287 2288 
2286 2297 
4389 2286 2289 
2288 2300 
2291 4389 96 
2292 2290 
2291 
2294 2305 2306 
4386 127 2293 
2283 2296 2281 
2297 2285 125 2295 
2296 2287 2298 
2297 2302 2299 
2300 2298 
2289 2301 2299 
2300 4387 4388 
2298 
869 
2305 126 
2304 2293 
2293 
2264 
125 2262 
1497 2310 
2309 1034 
2312 1034 
2313 628 2311 3961 
2312 1451 
2315 1451 
113 2314 
2317 113 
2318 2316 
2319 2317 2320 
2318 1746 
2318 617 
2343 3725 1526 
1742 634 2323 2817 
2322 3725 2325 
1742 1086 
2323 2344 2815 
2734 2327 1021 
2328 2326 2476 2477 
2329 2327 2355 
270 2328 
270 2331 
2332 823 2330 2657 
2331 1079 
1079 2672 2649 2334 
2333 2335 
2334 93 2668 2336 
2337 2335 
159 2338 2336 2661 
2339 2337 
2338 923 2660 2340 
2341 2339 
2340 2342 2819 
2341 2343 
2342 2321 3726 
2345 2325 
2346 2344 
2345 2347 2660 3298 
2346 158 
2349 158 
2348 2350 1573 2668 
2349 2351 
2672 3635 2352 2350 
822 2351 
73 822 
1308 73 
2328 2477 1308 4272 
4205 1543 2357 
2356 4205 2837 530 
2363 4204 2359 
2362 4792 2358 2360 
2827 2359 2828 
2362 948 2827 
2363 2359 2361 4793 
4205 2358 2362 
2160 2365 
2364 2366 
2365 2374 2367 2139 
2371 2366 2368 2138 
2369 2367 
2162 2368 
2371 2379 
2367 2370 2372 
2373 2371 
2374 2372 
2366 2375 2373 
2376 2374 
2018 2375 
2018 2378 
2192 2377 
2370 2192 
2187 2139 2143 2381 
2188 2380 2134 2138 
2383 2034 
2386 2382 2384 
2482 3 2383 
1320 2386 
2385 2383 
2048 2388 34 
2043 2387 
2028 2390 
2391 2389 
2390 2392 
2391 2393 
4602 2392 
2044 
2396 2421 2422 
2397 2395 
2396 789 2398 
3962 2397 2399 
788 2398 2400 
2401 2399 
2400 2402 
2403 3478 2401 
2404 2402 
2405 2403 
2406 4762 2404 
1343 2405 
1343 2408 
2409 2407 
2408 2410 
2409 2411 
2410 2412 
2411 2413 
2414 2412 
2415 2413 
2414 2416 
311 2415 
3666 2418 3528 
2419 2417 2532 
3513 2420 2418 
2421 2419 2423 
4894 2420 2395 
2395 
2420 
2026 2484 1423 
2541 2593 2544 2426 4747 
2769 2425 2427 
2426 2436 
2436 2429 
2430 2428 
2431 2432 2596 2429 
2430 2432 2595 
2433 2431 2430 2767 
2434 2766 2432 
2433 2435 
4881 2434 
2428 2591 2427 
2438 
2439 2437 
234 2438 
385 2441 
1140 2440 
337 238 
1191 
3144 2445 
2446 2444 
2445 3024 
2448 949 4067 
4062 2447 2449 
2448 1354 
1541 1547 
1318 1547 
297 1890 
487 608 
2194 487 2455 
2454 2456 
2455 2457 2210 
2456 132 2195 
132 2272 
905 2272 
606 66 
485 438 66 
2463 2208 
907 2462 
71 907 
2466 1229 3916 263 
2465 2467 
2468 2466 
2469 2467 
257 2468 
2471 262 1405 3431 
2472 2470 4577 
4579 2471 2783 
2474 2736 2698 
1169 2473 
282 1169 
2327 282 
2327 1020 2355 
3032 4015 2479 
2478 2480 
2481 4937 2479 
3 2480 
1547 2384 
948 954 
3066 3033 2424 
4587 602 1357 952 
4942 2543 6 2487 
2486 2488 
2487 2489 
31 2488 
2491 31 2594 
2490 2492 
2493 1424 2491 3597 
3593 1428 2492 
2157 1428 
2496 
2497 2495 
2496 2498 
2497 2499 
2498 2500 
2501 2499 
2502 4994 2500 
2501 2503 
4413 1538 2502 2504 
2503 961 4569 
3900 2506 
2507 2505 
2506 2508 
2509 2507 4908 5077 
2510 5077 2508 
5088 2509 2511 
2512 2510 
2513 5088 2511 
2512 3898 2514 
2515 2513 
5110 2514 5109 
2517 2519 3688 
2516 2518 
5106 2525 2517 
3687 2520 2516 
2519 2521 
2520 2522 
2521 2523 
2522 2524 
2523 2525 
4790 2524 2518 
1832 2838 
4738 2528 1184 
2527 4693 2529 
2528 2530 
4676 2529 1185 
3666 2532 3514 
2418 998 2531 
2534 2736 2728 
3537 2729 2533 2746 
2536 3538 1181 
4258 2535 
1172 1168 
306 4300 2539 939 
2540 2538 
2539 
2425 2542 
2541 3614 
2544 5 3617 2486 
2543 2425 
3625 2546 3624 
2545 1280 
2548 1280 
1529 3535 2547 
2550 1307 
2549 2551 
2552 2550 2572 1301 
2551 2553 
1296 2560 2554 2552 
2553 2555 
2556 2554 
2555 1292 2557 3686 
1291 2556 2558 2573 
2557 2559 
2558 537 3854 
3113 2553 3114 3621 
4776 1301 311 
319 1345 
2564 537 
4976 2565 2563 3125 
2566 2564 
2565 2567 3127 5004 
2566 2568 
2569 5005 3129 2567 
2568 2570 5023 
2571 2569 4975 3131 
3132 4934 2570 
3113 3112 3624 2551 
2557 3115 2574 3116 
2573 3618 3617 
4765 4089 2576 
3496 3497 2575 
1429 3877 538 
1429 2579 4760 
2580 2578 4961 
3408 2579 2581 3398 
2580 3871 2582 
2581 2583 
2582 2584 
3801 2583 2585 
3802 2586 2584 
2587 3649 2585 
2586 4745 
4103 2589 4104 
2590 2588 
4196 4197 2589 
2436 2592 
2593 2591 
2598 2425 2594 2592 
3614 2593 2490 2599 
2596 2431 3590 
2597 2595 2430 
2600 2598 2596 
2593 2599 3596 2597 
3615 2594 2598 
2597 3504 
4862 2602 
2603 2609 2601 
2607 4853 2604 2602 
2603 4854 2605 
2604 1016 2606 
2607 2605 
2606 2608 2603 
2607 2609 4856 
2608 4863 2602 
1010 1861 3658 
2612 
1183 2611 1506 
3303 2614 3302 
2613 2615 
2614 
2967 856 2968 
2618 
2617 2619 
2618 2620 
2621 2619 
2620 2622 
2623 2621 
2622 2624 
2623 2625 
2626 2710 2624 2711 
2627 2625 
941 2626 
2720 2629 941 
2653 2659 2628 2686 
2631 
2632 2630 
2631 2633 
2634 2632 
2633 2635 
2634 
2637 
2636 2638 
2639 2637 
2640 2638 
2642 2639 2641 
2640 
2640 
922 2644 93 
2643 2645 
2644 2646 
2645 2647 
2646 2648 
2647 2649 
2648 2650 2333 2673 
2651 2649 
2652 2650 
2651 
2629 2689 2654 
2687 2653 2688 
2673 1080 2674 
2657 1080 
2676 2656 2658 2331 
2657 2659 2686 
2658 280 2629 
2339 4265 4266 2346 
918 2337 
834 
2664 830 
2663 
2666 921 
837 2665 
837 
2349 4268 4267 2335 
2670 922 
2669 840 
840 
1078 2333 4269 2351 
2655 2649 
2681 2675 2680 2655 
2674 
2677 2657 
2678 2685 2676 2684 
2677 
840 2680 
2679 2674 
2682 2674 
2683 2681 
2684 2682 
2683 2677 
2677 2686 
2685 2658 4654 2629 
2719 2654 
2654 2725 
2690 2693 2653 
2706 2689 
273 2700 2701 
276 2703 2702 
2689 2694 
2693 2695 
2696 2694 
2695 2697 
2698 2696 
2697 2713 2473 
2700 272 
2691 2699 
2702 2691 274 
2692 275 2701 
2692 277 281 
278 2705 281 
2704 279 
1169 2690 
2708 
2709 2707 
2710 2708 
2625 2709 4654 
2726 2712 2625 
2711 2727 
2714 2733 2698 
2715 2713 
2716 2714 
2715 2717 
2716 2718 
2717 2719 
2718 2687 
2628 2721 
2722 2720 
2723 2721 
2724 2722 
2725 2723 
2688 2724 
2711 940 2732 
4382 2712 2728 4303 
2727 2737 2533 2729 
2730 2759 2534 2728 
2744 2729 
940 
2733 2726 
2713 2732 4302 
2735 2326 
771 2734 
2533 3627 1170 2473 
2738 2728 
2737 2739 
2738 2740 
2739 2741 
2740 2742 
2741 2743 
2742 2762 
2745 2730 4299 
937 2744 
1919 2747 937 2534 
306 2746 
306 2749 
2748 2750 
2749 2751 
2752 2750 
2753 2751 
2247 2752 
2755 2247 
2756 2754 
2757 2755 
2758 2756 
2757 
2760 2729 
2761 2759 
2762 2760 
2743 2761 
4206 2772 2764 
2765 2763 
2766 2768 2764 
2433 2765 
2432 2768 
2765 2767 
2426 2770 
2769 2771 
2770 
2773 3618 2763 
2772 
361 148 68 
2793 990 
2777 3972 3300 
2778 3553 2776 
3552 2777 2779 
2778 2780 3207 
2779 1992 3548 
804 1992 
2783 252 
2472 2784 2782 4844 
1869 2783 
590 1869 
2787 2791 
2788 2786 
4420 512 2787 4568 
2792 983 
2791 2802 
2786 2790 
963 2789 
991 2775 
2801 2795 
2794 4423 
942 652 
1549 652 
1549 33 
2800 1890 
2799 2801 
2800 2794 
2790 994 
3724 2022 
2805 1187 
2804 2806 
2807 2805 
2806 
102 1072 
102 114 
796 2990 2989 
796 2812 
2811 1104 103 4350 
3980 2817 2814 1104 
2815 2813 
2325 2814 3219 
1527 
1073 2322 2813 1086 
923 2819 
2341 2818 2820 
2819 2821 
2822 2820 
2823 2821 3728 
2822 
2825 3783 1889 4650 
2826 2824 2832 
2825 2865 
2360 2361 
2360 2023 
3 2830 
2831 2829 2831 2846 
2830 2830 1651 2854 2845 2854 
1117 2825 
2834 534 4204 
2833 534 4292 
1117 3783 4645 
2837 
2357 2836 
1656 2526 
2864 2840 
2839 
4664 1858 3547 
2858 299 
2849 2850 2844 
2843 2848 2849 2845 
2844 2848 2831 
2830 2847 
2848 2846 2848 2856 
2844 2847 2845 2847 
2844 2843 
2851 2843 
2852 2850 
2853 2851 
2854 2852 
2831 2831 2858 2853 
243 887 
2847 4937 2857 
2862 2856 
2854 2842 
2860 
2862 2859 535 
2862 
2861 2857 2860 
4648 2864 1889 3547 
2839 2863 1859 
2826 
2867 1854 
1889 2866 
2869 2877 
2870 2868 4928 4970 
2869 2871 
2870 2872 5025 4930 
3399 2873 2871 
4931 2872 5029 2874 
4914 2875 2873 
2874 3643 
2877 3711 4928 4888 
2868 1198 2876 
927 2879 
2880 2878 
2881 2879 
2880 2882 
2881 2883 
2884 2882 
2885 2883 
2884 2886 
2885 460 
460 2888 
2887 2889 
2888 2890 
2889 2891 
2890 2892 
2893 2891 
2892 2894 
2895 2893 
3003 2913 2894 
2912 2897 
2937 2896 2936 
2899 467 
2900 2898 
2901 2925 2899 
2948 2900 2902 
2901 2938 2903 
2904 2902 
2905 3016 2903 
2906 2904 
2905 2907 
2906 2908 
2907 2909 
689 2908 
2986 2911 
3019 2910 3018 
3017 2896 3021 
712 2895 2914 
2915 2913 
2916 2914 
2917 2915 
2916 2918 3000 
2919 2917 
2920 2918 
2919 2921 
2920 2922 
2923 2921 
2924 2922 
2923 668 
2926 2900 
2927 2925 
2926 2928 
2927 2929 
2930 2928 
2931 2929 
2932 2930 
2931 2933 
2934 2932 
2935 2933 
465 2934 
2991 2897 2982 
2959 2897 
2902 2939 
2938 2940 
2941 2939 
2942 2940 
2943 2941 
2942 2944 
2945 2943 
2946 2944 
2945 2947 
2946 2948 
3001 2901 2947 
2950 3022 469 
2949 2951 
2950 2952 
2951 2953 
2954 2952 
2955 2953 468 
2954 3197 2956 
2955 2957 
2956 2958 
2987 2988 2957 
2960 2937 
2959 
4729 310 4728 
2963 310 
2962 4778 808 4779 
808 2965 
2964 2966 
2965 2967 
2966 2616 
2616 2969 
2970 2968 
2971 2969 
2972 2970 
2973 2971 
2972 2974 
212 2973 
2064 197 
2977 1152 
2978 2976 
936 2977 
2980 936 
2981 2979 2992 
2980 2982 
2936 2983 2981 
2984 2982 
2983 3017 2985 
2984 2986 
2985 2987 2910 
2986 2958 
3023 2958 2989 
2988 2810 
2810 606 
2936 5044 
2980 2993 
2992 3370 
932 2995 
2994 2996 
2997 2995 
2996 3194 3193 
3170 3169 2999 
2998 675 3000 
2999 2917 
3002 2948 
3003 3001 
2895 3002 
666 3005 
3006 3004 
3005 3007 
3008 3006 
3007 3009 
3010 3008 
3009 3011 
3012 3010 
3013 3011 
3014 3012 
3015 3013 
3016 3014 
3015 2904 
2984 2912 
2911 
3020 2911 
3019 3021 
2912 3020 
3023 2949 
2988 3022 
3108 3107 3025 5121 2446 
1431 5121 3024 4790 
3027 4074 3071 
3028 3026 
3029 3027 
3028 3030 3149 
3031 3029 
3149 1841 3030 
890 2478 
2484 3034 
1848 3033 3053 
1849 1848 3036 
3037 2019 3035 
3036 3038 3439 
3037 3039 3723 
238 3038 
3041 4414 980 4415 
3042 3040 
4820 3041 
3044 4826 
3043 3045 
3044 3046 
3047 3045 
3048 3046 
3049 3047 
3050 3048 
3051 3049 
3050 3052 
737 3051 
3054 3034 3066 
3053 3055 
3054 3056 
3069 3100 3068 3055 3057 
5130 3056 3058 5129 
3057 5078 3059 
3060 3058 
3059 5081 1351 
3062 2251 
3061 1906 
2252 
3101 3065 
3064 3079 
3053 3067 3090 2484 
3066 3068 
3067 3087 3056 3069 
5117 3070 3068 3056 
3071 3069 3084 
3070 5131 3026 
3073 2026 3158 
3074 3072 
3075 3073 
3074 3076 
3075 3077 3087 5122 
3078 5119 3076 5120 
3079 3105 3085 3077 
3078 3065 3897 3103 
3081 3722 3721 
3080 3082 
3083 3081 
3082 
3070 3085 
3084 3078 3104 3086 
3085 5119 5118 3087 
3086 3076 3068 3088 
3089 3087 
3088 3090 
3066 3089 
3092 
3093 3091 
3092 3094 
3093 3095 
3094 3096 
3095 1193 
1140 388 
3438 388 1839 
4203 3100 1839 
3099 5127 3056 
3064 3102 3104 
4071 4075 3101 3842 
4075 3720 3897 3079 
3101 3085 
3106 3078 
3107 3109 3105 
3024 3106 
4789 3024 4790 
3895 3106 3896 3110 
3109 
3831 3112 
2572 3111 
2560 2572 
2560 
2573 
2573 
3118 4 
3119 3125 3117 
3120 3118 
3121 3127 3119 
3120 4076 3122 
3123 3129 4938 3121 
3122 3131 3140 3151 
3125 537 
3126 3124 3118 2564 
3125 3127 
3126 3128 2566 3120 
3127 3129 
3122 2568 3130 3128 
3131 3129 
3123 3132 2570 3130 
3131 2571 4782 
3141 3134 3148 3142 
3133 3135 3392 3391 
3136 3134 5133 
3135 3137 
3136 3138 
3139 3137 
3138 3140 
3139 3123 
213 3133 
3133 3143 
3144 3142 
2444 3156 3143 3145 
3146 3889 3144 
3145 3147 
3148 3146 
3150 213 3133 3147 
3150 3029 3031 3722 
3149 3148 
3152 3123 
3153 3151 
3154 3152 
3155 3153 
3156 3154 
3155 3393 3394 3144 
3158 1433 
3072 3157 5126 
3160 675 
3161 3159 
3160 3169 859 
3163 859 
3162 3229 3164 
3163 3165 
3166 3164 
1462 3165 
3168 1462 
3214 3169 3167 
2998 3168 3161 
2998 721 
3172 3228 
3206 3171 
3174 459 
3175 3173 
3176 3174 
3177 3175 
3178 3176 
3222 3177 3221 3179 
3180 3178 
3179 3181 
3180 3182 
3181 3183 3208 
3184 3182 
3185 3183 
3186 3184 
3187 3185 
3188 3186 
1452 3187 
1452 3190 
3191 3189 
3192 3190 
3221 3191 3193 
3192 2997 
2997 3195 
3196 3194 
3195 1152 
2955 926 
3206 3199 
3198 
1574 3201 3633 
3297 3200 3202 
3203 3201 3293 153 
3202 152 3204 
151 3205 3203 
3204 
3172 3198 
3972 150 2779 
3182 3209 
3288 3210 3208 
3209 3211 
3212 3210 3227 
3211 3213 
3214 3212 
3168 3213 
3216 3220 
3215 1107 
3218 1994 
802 3217 
3220 2815 
1577 3215 3219 3978 
3178 3192 
3178 3223 
3222 3224 
3223 3225 
3226 3224 
3227 3225 
3226 3211 
683 3171 
3163 3230 
3231 3229 3252 
3230 3232 
3231 3233 
3232 3234 
3235 3233 
3236 3234 
3235 3237 
3238 3236 
3237 3239 
3238 3240 
3241 3239 3251 
3242 3240 
3243 3241 
3244 3242 
3243 3245 
3244 3246 
3247 3245 
3246 3248 
3249 3247 
3248 678 
3251 682 
3250 3240 
3230 3253 3289 
3254 3252 
3255 3253 
3254 3256 
3257 3255 
1457 3256 
3259 2072 
3260 3258 
3261 3259 
3262 3260 
3263 3261 
3264 3262 
3263 3265 
3264 3266 
3267 3265 
3268 3266 
3269 3267 
3270 3268 
3271 3269 
3272 3270 
3273 3271 
3274 3272 
3275 3273 
3276 3274 
3275 3277 
3278 3276 
3277 3279 
3278 3280 
3279 3281 
3280 3282 
1455 3281 
3284 1455 
3285 3283 
3284 3286 
3287 3285 
3288 3286 
3209 3287 
1458 3252 
3291 
3290 3292 
3293 3291 
3202 3294 4013 3292 
3293 3295 
1573 3294 
154 3297 
3296 3201 
2346 3299 
3300 3298 155 
3299 2776 3975 
1619 3302 473 
3301 2613 
3867 3304 2613 
3303 3305 
3306 3304 
3305 3307 
3308 3306 
3307 3309 
3310 3308 
3925 3311 3309 3924 
3310 3312 
3311 3313 
3314 3312 
3315 3313 
3314 3316 
3315 3317 
3316 3318 
3319 3317 
3320 3318 
3321 3319 
3320 3322 
3323 3321 
3322 3324 
3325 3323 
3326 3324 
3327 3325 
3328 3326 
3329 3327 
3330 3328 
3329 3331 
3330 3332 
3331 
4832 3334 732 4705 
3335 3333 
3334 3336 
3335 3337 
3336 3338 
3337 3339 
3338 3340 
3339 3341 
3340 3342 
3346 3343 3341 
735 3342 
734 3345 
3344 3346 
3342 3345 
3348 3415 3397 
3349 3347 
3350 3348 
3349 3426 3351 
3350 3360 3352 
3351 
3354 3355 3360 
3353 
3356 3353 3359 
3355 
3358 3366 
3359 3357 3413 
3355 3411 3358 
3353 3361 3351 
3360 3413 
3457 3363 3464 
3366 3362 3412 3364 
729 3365 3363 4282 
730 3366 3369 3364 
3357 3365 3363 
3368 3414 3427 
3367 3369 
3365 4717 3368 
2993 3371 
3370 930 
3386 1399 1390 3373 
3374 3372 
3373 3375 
3376 3374 
3375 3377 
3376 1395 
3379 1403 3387 3386 
3380 3378 
3381 3379 
3380 3382 
3381 3383 
3384 3382 
3385 3383 
3386 3384 
3385 3378 3388 3372 
3378 
3386 
4718 3390 
3391 3389 5140 
3390 5133 3134 5132 
3134 3393 
3156 3392 
4786 2233 3156 
4147 3396 4146 
3397 3395 
3347 3396 4200 
4906 4892 3491 2580 
3400 2872 5025 5029 
3401 3399 
5064 3402 3400 
3403 3401 4217 5011 
3402 4978 3404 
3405 3403 
4971 3406 3404 
3407 3405 4961 
3876 3406 3408 
2580 3407 3871 
3410 815 
3409 2216 
3359 
3363 
3361 3414 3358 
3367 3413 
3347 3416 3417 
3415 3419 3418 
3418 3415 
3416 3417 
3416 3691 1536 
730 3428 3421 4831 
3428 3422 3420 
3421 815 
3424 2216 
2213 3425 3423 
2212 3424 3484 
3350 3427 
3426 3367 
3421 3420 4705 
1367 3430 651 
4607 3429 254 4608 
254 2470 
3433 261 1875 
727 3432 
727 4445 3435 
4459 3436 3434 
3435 3437 
3436 
3098 
3440 3037 
3439 3441 
3440 
3443 
3442 
3445 
3446 3444 
3447 3445 
3446 3448 
3447 3449 
3448 986 
755 3451 3455 
2036 3450 
2035 4681 2036 4738 
1615 3957 3454 
3453 753 
3450 3959 3456 
3455 3577 3578 
3458 3362 
3459 3457 
3458 3460 
3461 4199 3459 
3460 3462 
3463 4827 3461 
3462 3464 
3463 3362 
4716 736 4717 1537 
3697 1638 1636 
1617 3468 
3469 3467 
3468 3470 
4715 4714 3469 3471 
3470 
3626 770 3473 
3474 3472 
3473 1281 
3476 785 
3477 3475 
3476 3478 
3477 2402 
3480 
3481 3479 
3482 3480 
3483 3481 
331 3482 635 
3425 3485 
3486 3484 334 
336 4059 3485 
3488 1237 
1236 3487 
4857 891 1668 
4739 1668 
3398 3492 
3491 3493 
3492 3494 
3804 3493 3495 
3496 3494 
3495 2576 
3498 2576 
3497 3499 
3498 3500 
3501 3499 
4756 3500 3502 
3501 4891 4889 
3504 3595 3594 
3503 3505 2600 
3504 4884 
3509 3507 3510 
3506 3508 
3507 3509 
3506 3508 
3511 3506 
3512 3510 
3718 3511 3717 
472 3645 2419 
3515 2531 3665 
4880 4878 3516 3514 
3515 4867 3517 
3516 3518 
3517 3519 
3520 3518 
3521 3519 
3520 4879 3522 4869 
3521 3523 
3522 3524 
3523 3525 
3524 3812 3526 
3525 3527 4872 
3528 4922 4880 3526 
3527 2417 3667 
3530 3841 
4864 3531 4865 3529 
3684 3683 3530 3650 
3667 3668 4611 3533 
5056 3532 470 
4759 3535 4749 
2548 3624 3534 
110 
2534 302 3627 
2535 4252 
3540 3542 1062 
3541 3539 
3540 
1047 3539 3790 
1062 3544 
3543 1064 
1057 3546 
3545 3547 
3546 2863 2841 
3549 2780 3551 
3548 3550 
3551 3549 
3548 3550 
3553 2778 
2777 3552 
662 3555 
3554 3556 
660 3555 
3558 3811 
3559 3557 
3558 3560 
301 3559 
196 3598 301 
3563 3564 1899 1894 
3562 
3562 
3566 3572 4220 
3565 4225 3567 
3568 3575 3566 
3567 3569 
3570 3568 
3569 3571 
3570 3628 2037 
3565 3573 3957 
3572 3574 
1620 3573 
1620 3567 
3960 1631 3577 
3576 3456 
3456 
3591 3580 3581 
3586 3585 3579 
3582 1239 3579 
3583 3581 
3584 3582 
3585 3583 
3584 3580 
3580 3587 
3588 3586 
3587 3589 
3588 
3591 3592 2595 
4884 3590 3579 
3590 
3594 2493 3616 3597 
3503 3596 3593 4263 
3503 3596 
3595 3597 3594 2598 
2492 3593 3596 3615 
3599 3561 4642 
3598 3600 3774 
3601 3599 
3600 3602 3771 
3603 3601 
3602 3604 
3603 1120 
1070 
409 407 3612 
417 425 3608 
3609 3607 
3610 3608 
3609 3611 
3612 3610 
3606 3611 
4146 2039 3629 3630 
2594 2542 
3597 2599 
2157 4263 3593 2041 
2543 2574 
3686 2574 2772 3619 
3620 3618 
3619 3621 
2560 3622 4759 3620 
3623 3621 
3622 3624 
3623 2545 2572 3535 
2545 1021 
3472 1021 
269 2736 1171 3537 
3629 3571 
3691 3628 3613 
2042 3613 4827 4148 
156 3632 
3631 3633 
3632 3200 
3700 1108 3699 
2351 1108 
1035 1662 
3638 
3639 3637 
3640 3638 1653 
300 3639 
3642 3644 
4914 3643 3641 4933 
3642 4974 2875 
4916 4915 3641 
4907 3513 3646 
3647 3645 
3646 3648 
3647 3649 
3648 3801 2586 
4851 4850 3531 3651 
4849 3650 
470 472 
3716 2031 3654 
3655 3653 
3654 
811 3657 4779 
3656 309 
2610 4731 1017 
1434 1017 
1434 794 4858 
794 4875 3662 
3661 995 3663 
4876 3662 3664 
4849 3663 3665 
3514 3664 4878 
2417 2531 4880 
3532 3528 4615 
3532 3682 3669 
3670 3668 
3669 3671 4207 
3670 3672 
215 3671 
3674 
3675 3673 
4886 3674 2031 
3679 3677 4612 
4886 3678 3676 
3677 3820 1309 
4613 3676 1309 
3717 1311 3716 
3682 1311 
3668 4611 3681 4924 
3531 
3531 4865 4851 3685 
1672 4866 3684 4852 
2556 3618 
5102 3689 2519 4921 
3900 2516 3689 
3688 3690 3687 
4909 4910 3689 
3629 3692 3419 
3693 4700 3691 
1241 3692 
3695 4695 1241 
3694 3696 
3695 3697 
4700 3466 3696 
3699 
3698 817 3634 
3701 3634 
3702 3700 819 
820 3701 
4913 4908 3704 
3703 3705 4943 
3704 3706 
3707 4780 3705 
3706 3708 
3709 221 3707 
3710 4943 3708 
3711 219 3709 
3710 2876 4944 
3713 
3714 3712 
3713 3715 
3714 4845 
3680 3653 4611 
3680 3512 1312 
3512 1313 219 
2237 
3103 3721 3739 
3739 3080 3720 
3080 3149 
3724 2020 3038 
3723 2803 240 
4265 2321 634 2323 
3727 2343 
3726 3728 
3729 1527 2822 3727 
3728 3730 
3729 3731 
3732 3730 
3733 3731 
3734 3732 
3733 3735 
3734 3736 
3737 3735 
3736 3738 
3737 
3721 3720 3842 
1036 3741 
3740 1478 
356 3743 
358 3742 
648 3745 2219 3746 4082 
4084 3744 1686 
3744 649 323 
1684 3748 
323 3747 
3750 1661 
650 3749 
3760 3759 3752 
3751 1125 
3764 3765 1122 
3755 3770 
3756 3754 
3757 3755 
3758 3756 
3757 3759 
3758 3751 
3751 3761 
3762 3760 
3763 3761 
3762 3764 
3763 3753 
3753 3766 
3765 3767 
3766 3768 
3769 3767 
3768 3770 
3754 3769 
3601 3772 3774 
3771 3773 
3772 1122 
3599 3771 3782 
1131 3776 
3777 3775 
3778 3776 
3779 3777 
3778 3780 
3781 3779 
3780 3782 
3774 3781 
3784 2835 2824 
3785 3783 
3784 3786 
3787 3785 
3788 3786 
3789 3787 
1128 3788 
3542 1036 1116 
3792 1116 
3793 3791 
3794 3792 
3795 3793 
3807 3794 
509 3797 2091 
3796 4129 504 
2221 3817 2014 
2014 2124 
2148 2121 
3806 3649 2584 
3803 2585 
3804 3802 
3494 3803 
3836 3806 3837 
3805 3801 3823 3853 
3795 3808 
3809 3807 
3810 3808 
3811 3809 
3557 3810 
3822 3813 3525 
4614 3812 
504 1833 
504 4128 3816 
3815 4396 
3798 974 
3819 
3820 3818 
3821 3819 3678 
3822 3820 
1310 3821 3812 
3839 3824 3806 
3825 3829 3823 
3826 3824 3872 
3827 3825 
3828 3826 
3827 3829 3871 
3828 3830 3824 
3829 
3111 1020 
249 
4215 3834 4216 4960 
4949 4950 3833 3835 
3834 1314 
3805 3852 1317 3853 
3838 3805 
3837 3839 
3838 3823 
889 3841 4739 
3840 3529 
3739 3102 
3844 
3843 3845 5034 4971 
3846 3844 
3845 3847 
3848 3846 
3847 3849 
4971 3850 3848 
3851 3849 
3850 3852 
3851 3836 
3806 3836 
3855 2559 
1287 3854 
3857 
3858 3856 
3857 3859 
3858 3860 
3861 3859 
3860 3862 
3861 3863 
3864 3862 
3863 3865 
3864 3866 
3865 
3868 3303 
3867 3869 
3868 3870 
3869 
3876 2581 3828 3408 
3825 3873 
3874 3872 
3873 3875 
3876 3874 
3871 3407 3875 4971 
4746 2577 1283 
3888 3879 
2002 3878 
3881 2002 
3880 3882 
3883 4153 3881 
3884 3882 
3885 3883 
3886 3884 1690 
3887 3885 
3886 3888 
3878 4150 3887 
3145 3890 
3889 3891 
3892 3890 
3891 3893 
3892 3894 
3893 3895 
3894 3109 
3897 3109 
3896 3103 4935 3079 
2513 3899 
3898 3900 5090 
5090 3688 2505 3899 
3902 
3903 3901 
3902 3904 
3905 3903 
3904 3906 
3905 3907 
3908 3906 
3907 3909 
3908 3910 
3911 3909 
3910 3912 
3913 3911 
3914 3912 
3913 3915 
1223 3914 
3917 2465 
1267 3916 
957 1690 
3920 
3921 3919 
3922 3920 
3921 3923 
3924 3922 
3923 3310 
3926 3310 
3927 3925 
3926 3928 
3927 3929 
3928 3930 
3929 3931 
3932 3930 
3931 3933 
3932 3934 
3933 3935 
3934 3936 
3937 3935 
3936 3938 
3951 3939 3950 3937 
3938 3946 
1610 3953 3941 
3942 4672 3940 
3941 3943 
3944 3942 4297 
3943 3945 
4688 4689 3944 
3947 3939 
3946 3948 
3947 3949 
3948 3950 
3949 3938 
3938 
1611 3953 
3940 3954 3952 
3953 4297 
3956 1690 
3955 1832 
3572 752 3453 1535 
752 754 4070 
3455 754 1631 
1183 4068 3576 
2312 3968 1727 
524 2398 
561 3964 
3963 3965 
3964 3966 
3967 3965 
3968 3966 
3961 3967 
1724 4180 3970 
569 3969 
150 806 
3207 2776 
3974 4179 4180 
1723 3973 
3300 3976 
3975 3977 
3976 3978 
3220 3977 
1577 3980 
2813 3979 
2229 3982 
3983 3981 
3984 3982 
3983 3985 
3986 3984 
3985 3987 
3988 3986 
3989 3987 
3988 3990 
3989 3991 
3992 3990 
3993 3991 
3992 
819 81 80 
81 
3997 1576 
91 3996 
3999 
4000 3998 
3999 4001 
4000 4002 
4003 4001 
4004 4002 
4005 4003 
1510 4004 
4007 1108 
4008 4006 
4009 4007 
4008 4010 
4009 4011 
4010 4012 
4013 4011 
3293 4012 
1834 243 
4016 2478 
4015 1546 
1546 4201 2000 
2000 999 
4020 1431 4790 
4019 4021 
4020 4022 
4021 4023 
4022 4024 
4023 4025 
4024 1196 
4275 1444 4274 4027 
4026 4281 728 4280 
4029 
4028 4030 4045 
4031 4029 
4032 4030 
4031 4047 4033 
4034 4032 
4035 4040 4033 
4034 4036 
4035 1224 
1224 4041 
4042 4041 4039 
4038 4040 
4039 4034 
4038 4037 
4043 4038 
4042 4046 4044 
4045 4043 
4029 4044 
4047 4043 
4032 4046 
361 1445 4149 
4050 135 2195 
4051 4049 
119 4050 2194 
320 4053 
784 318 4052 4750 
1343 784 
4056 4771 4772 1343 
4057 4765 4055 
4056 1166 4085 
1166 1296 
4277 4276 3486 
4839 4838 336 1935 
4843 385 1935 4842 
2448 4796 4063 4795 
4062 4064 
4065 4063 
4064 4066 
4067 4065 
4794 2447 4066 4795 
4069 3960 
4068 
3958 
4072 3102 
4071 4073 
4072 4074 
3026 4073 
3102 3103 
3121 4939 4077 4938 
4942 4076 4941 4078 
4077 748 
1747 4080 
4079 4081 
4080 614 
3744 4083 
4084 4082 1642 
3745 4083 
4086 4057 
4087 4085 
4088 4086 
4087 4089 
4088 2575 
4095 4102 4091 
4090 4092 
4196 4091 4099 
4094 4627 
4093 1932 
4090 4096 4101 
4095 4097 
4096 4098 
4097 1776 
4092 1778 4100 
4099 4101 
4100 4095 
4090 4103 
4102 2588 
4105 2588 
4106 4104 
4107 4105 
4108 4106 
4109 4107 
4110 4108 
4109 4111 
4112 4440 4110 
4113 4111 
4112 4114 
4113 4115 
4114 4116 4442 
4115 4117 
4118 4116 
4119 4117 
4118 4120 
4121 4119 
4122 4120 
4121 4441 4123 
4122 4438 4124 
4125 4123 
4126 4124 
4125 1702 4461 4376 
331 637 
1674 3815 
1661 3797 
4131 
4130 4132 
4131 4133 
4132 4134 
384 4133 
4260 4261 4136 
4137 4135 4142 
4139 1980 4136 
1972 4259 1990 
1990 4137 
1252 4141 
4140 
4136 
1248 
1116 4145 
4144 1929 
3395 3613 
4148 3395 
4198 4147 3630 
1363 4048 1232 
241 3888 
4152 
4151 
961 3882 
4651 1889 4650 4155 
4154 4653 
4649 1889 4648 4157 
4156 4653 
792 
1727 4375 4160 
4374 4159 4161 
4362 4162 4160 
4358 1509 4161 
1509 4164 
4165 4163 
4164 1711 
4167 4169 1711 
4168 4166 
4167 
4170 4166 
4169 4171 
4172 4170 
4171 4173 
4172 4174 
4173 4175 
4176 4174 
4175 4177 
4176 4178 
4179 4177 
4229 3973 4178 4356 
3973 4226 3969 
4349 4182 1724 
4181 4183 
4182 4184 4351 
4183 4185 4355 
4186 4333 4184 
4331 4187 4185 
4335 4186 4188 
4187 4306 4189 
4190 4314 4188 
4328 4189 4191 
4316 4192 4317 4190 
4193 4191 
4312 4192 4194 
4193 4310 4195 
1778 4194 
545 2590 4092 
109 4369 2590 
4199 4148 
4200 4198 3460 
3397 4199 
4666 4017 530 
3 1543 
4936 3099 232 
2833 2358 
2356 4667 2357 2363 
2763 
3670 5055 4208 1199 
4209 4207 
4945 4208 4210 
4209 4211 4694 
4212 4210 
4213 4211 
4214 4212 
4213 4215 
3833 4214 
4217 3833 
4216 5031 5032 3402 
4219 
4218 4221 4220 
4225 2037 4219 3565 
4222 4219 
4221 483 
1167 4224 4758 
4223 1333 
4220 3566 
4227 4180 
4226 4228 
4227 4229 
4228 4179 
4231 939 
4232 4230 
4231 4233 
4234 4232 
4235 4233 
4234 4236 
4237 4244 4235 
4236 4238 
4237 4239 
4240 4238 
4239 4241 
4240 4242 
4241 4243 
4244 4242 
4243 4236 
1923 4246 
4245 1922 
995 
4258 4249 
4248 4256 
4254 4251 
4250 4252 
3538 4251 
4254 4290 
4253 4250 
795 103 
4249 4257 
4256 4755 
2536 4248 
4260 4138 
4135 4259 
4135 334 
1444 638 1840 
3594 2040 3616 1240 
2038 1240 
3725 2660 
159 2660 
159 2668 
2668 4269 
4268 2672 
823 1078 
72 823 
72 2355 
1443 4282 639 4286 
4026 1443 
4276 4026 
4275 4059 
4059 4278 
4279 4277 
4280 4278 
4279 4027 
4027 1440 
3364 4273 1440 4283 
2080 4282 
2158 4285 
4284 4286 
4285 4273 
267 4288 
4287 4289 
4288 4290 
1330 4253 4289 
1687 1035 
4293 2834 
1000 4292 
231 4295 
4294 4296 
50 214 4295 
4384 3943 3954 1613 
1 1692 
939 2744 
2538 4301 
2248 4300 
2733 4303 
4302 2727 
4305 
4306 4304 
4188 4305 
101 2159 
4309 
4308 4310 
4309 4194 
4312 549 
4193 4311 
554 4314 
4189 4313 
4316 551 
4191 4315 
4191 4318 
4317 4319 
4318 4320 
4319 4321 
4320 4322 
4323 4321 
4324 4322 
4323 4325 
4324 4378 4377 
4327 
4326 4328 
4327 4190 
4330 
4331 4329 
4186 4330 
4333 560 
4332 4185 
557 4335 
4334 4187 
4372 4337 570 
4338 4336 
4339 4337 
4338 4359 4340 
4341 4339 
4340 4342 4357 
4343 4363 4341 
4344 4342 
4345 4343 
4346 4344 
4345 4347 
1715 4346 
4349 566 
4181 4348 
2812 1585 
563 4183 
1586 4353 
100 4352 
4355 
4354 4184 
4179 1721 
4358 4341 
4162 4357 
4360 4339 
4361 4359 
4362 4360 
4161 4361 
4364 4342 
4365 4363 
4366 4364 
4367 4365 
4368 4366 
4367 1509 
4197 4370 
4369 4371 
111 4370 
4373 4336 
4374 4372 
4373 4160 
568 4159 
4463 4462 4126 4377 
4325 4376 4522 
1703 4325 902 
4380 902 
4381 4379 
4380 1704 
2727 
1612 4384 
4297 4383 4385 
1615 4384 
2294 4387 
2301 4386 
4389 2301 
2288 2290 4388 
136 2274 
4399 2011 
4393 990 964 
4605 4394 4392 
4395 4393 
4394 
4397 3816 
1834 4620 4396 
1002 
2126 4391 745 
745 374 
4402 
4401 
344 
4405 977 
4406 4404 
4405 4407 
4406 4408 
4407 737 82 
4410 959 
4411 4409 
4410 4412 
4411 4413 
4412 2503 4418 
964 3040 
737 3040 
4417 4984 1681 4570 
4416 1538 
5001 4419 4413 
4418 4420 
4419 2788 
744 4422 2105 
742 4421 
2795 955 
4430 4991 4425 
4426 4424 4992 
4427 4425 
4428 4426 
4429 4427 4993 
4428 4430 
4424 4429 
106 
4436 4435 4433 
4432 4434 
4433 4435 
4434 899 4432 
4432 4444 4437 
4436 1703 
4439 4123 
4440 4438 
4439 4111 
4122 4442 
4115 4441 
899 
4567 4436 513 
4446 3434 4464 
4445 4447 
4446 4448 
4449 4447 
4448 4450 
4449 4451 
4452 4450 
4451 4453 
4452 4454 
4455 4453 
4454 4456 
4457 4455 
4458 4456 
4457 4459 
4458 3435 
4465 260 
4126 4462 
4376 4461 
4376 
4445 4544 4465 
4556 4464 4460 
4467 4548 4547 
4514 4466 4468 
4469 4467 
4508 4468 4470 
4469 4471 
4470 4472 
4473 4471 
4472 4474 
4475 4473 
4476 4474 
4475 4477 
4476 4478 
4477 4479 4513 
4478 4480 
4479 4481 
4521 4480 4482 
4483 4481 
4482 4484 
4483 4485 
4484 4486 
4485 4487 
4546 4486 4545 
4489 
4490 4488 
4489 4491 
4490 4492 
4491 4493 
4492 4494 
4493 4495 
4496 4494 
4497 4495 
4498 4496 
4499 4497 
4498 4500 
4501 4499 
4502 4500 
4503 4501 
4504 4502 
4503 4505 
4504 4506 
4505 4507 
1276 4506 609 
4509 4469 
4508 4510 
4509 4511 
4512 4510 
4511 4513 
4512 4478 
4515 4467 
4516 4514 
4515 4517 
4518 4516 
4517 4519 
4518 4520 
4521 4519 
4520 4481 
4377 4523 
4522 4524 
4523 1771 
615 4526 
4525 4527 
613 4526 
108 
2203 184 4576 
4531 
4530 4532 
4531 4533 
4532 4534 
898 513 4533 
4536 
4537 4535 
4536 208 590 
4539 1151 1150 
4538 4540 
4541 4539 
164 4540 
187 164 
1223 4545 4544 
4464 4543 
4543 4487 
4547 4487 
4546 4466 
4549 4466 
4548 4550 
4549 4551 
4550 4552 
4553 4551 
4554 4552 
4555 4553 
4556 4554 
4555 4465 
898 897 870 
4559 
4560 4558 
4559 4561 
4560 4562 
4561 4563 
4562 189 
163 1388 
1412 
897 
870 4444 
351 2788 
1538 2504 
4416 4571 
4570 4572 
4571 1539 
1539 4574 
4575 4573 
4797 1538 4574 
4529 
253 2471 
989 
1869 2472 
985 1869 
985 4582 
4583 4581 
4582 4584 
4583 
602 4586 
4587 4585 
4586 954 2485 
4589 657 
4590 4588 
4591 4589 
4590 1549 
4593 
4592 
4595 
4594 
602 4597 
4598 4596 
36 4597 
4600 
4599 
1357 34 
2393 
2028 
4605 4606 
4604 4393 
4607 4604 
4606 3430 983 
3430 367 
4610 
4609 
3532 3682 4615 3716 
2031 3676 
3679 4614 
4613 4615 3813 
4923 4611 3667 4614 
1450 360 
1856 4618 
4617 
1664 
4397 
5041 4665 209 4622 
4665 4621 
4624 1931 
4623 4625 
4626 4624 
4627 4625 
4093 4626 
4663 4629 
4628 1857 
1857 4652 1118 
1118 4632 
4659 4631 
4634 
4638 4635 4633 
4634 4636 
4635 4637 1862 813 
1862 4638 4646 4636 
4634 4646 4639 4637 
4638 4640 
4641 4639 
4640 4642 4643 4646 
4641 3598 4643 
4644 4642 4647 4641 
4660 4645 4643 
4644 2835 
4638 4637 4641 
4643 
4156 2863 4649 
4156 4648 
4651 2824 4154 
4650 4154 
4630 
4155 4157 5043 
2686 2710 
4656 
4655 
4658 
4657 
4632 
4644 
1041 4662 4664 
4661 
4628 
4661 2841 
4622 1041 209 4621 
4201 
4668 4205 
4667 948 4794 4793 
1609 
4671 1609 
4683 4684 4670 
4673 3941 4688 
4672 4684 4674 
4675 4685 4673 4684 
4676 4681 4674 
4675 4677 4681 4682 2530 
4678 4679 4676 
4677 
4680 4677 
1607 4691 4679 
4676 3452 4675 4682 
4676 4681 
4671 
4671 4673 4674 
4686 4690 4674 
4685 4687 
4690 4686 4736 
4672 3945 4736 
3945 
4685 4687 4737 
4680 
1604 
2528 
4210 1202 
3694 4696 
4699 4697 4695 
4696 4698 
4697 
4696 
3692 3697 
2218 2215 
2218 4703 
4702 4704 
4703 4705 
3428 4704 731 3333 
4707 
4706 4708 
4709 4707 
4710 4708 
4711 4709 
4712 4710 
4713 4711 
4712 4714 
3470 4713 
4716 3470 
3465 4715 
3369 733 1536 3465 
49 3389 763 
4733 789 4732 
4721 788 
4722 4720 
4721 4735 4734 
4724 
4723 4725 
2021 4724 
4727 4750 4735 
4728 4726 
4727 2961 
2961 4730 
4729 4731 
4730 4732 3658 
4719 4731 
4719 4734 
4722 4733 
4722 4726 
4688 4687 
4690 2035 
3452 2527 
3840 3490 4866 
4741 311 
4740 4742 
4741 4743 
4742 4744 
4743 315 
4767 516 2587 
3877 4747 
4746 2425 
4749 1332 
765 4748 3534 
4053 4726 
4752 1522 781 318 
307 4751 
307 4754 
658 4753 
1330 4257 
3501 4757 
4758 4756 
4223 4757 
3621 3534 
1283 2578 
765 482 
4763 2405 
4764 4762 
4763 4770 4771 
4056 2575 
1523 308 
4768 4745 
4767 4769 
4770 4768 
4764 4769 
4055 4764 
4773 4055 
4774 4772 
4775 4773 
4776 4774 
4775 2561 
658 4778 
2963 4777 
3656 2963 
223 3706 
1056 
4783 3132 
4784 4782 
4783 4785 
2233 4784 
4787 3394 
4788 4786 
4789 4787 
4788 3108 
3108 4019 2525 3025 
1001 
2359 1001 
2362 4668 
4668 4067 
4062 4067 
4062 
4798 4575 
4799 4797 
4798 4800 
4801 4799 
4802 4800 
4803 4801 
4804 4802 
4805 4803 
4806 4804 
4805 4807 
4806 4808 
4809 4807 
4810 4808 
4809 4811 
4812 4810 
4813 4811 
4812 
1540 4815 
4814 4816 
4817 4815 
4818 4816 
4817 4819 
4818 
3042 4821 
4820 4822 
4821 4823 
4822 4824 
4823 4825 
4826 4824 
4825 3043 
2079 3462 3630 
4829 
4830 4828 
4829 1188 
3420 
3333 
4835 4834 
4833 
4833 1188 
1973 
1973 
4060 
4060 
1934 
1934 
4061 
4061 
986 2783 
227 3715 
4847 5116 
4848 4846 
4847 
4876 3664 4878 3651 
3650 
4852 3650 4876 3684 
3685 4874 4851 1688 
4854 2603 4860 
4887 2604 4853 
4856 196 1327 
4855 2608 4857 
3489 1669 4856 4863 
4859 1694 1018 3660 
4860 4858 
4861 1688 4859 4853 
1671 4860 4862 
1670 4861 4863 2601 
4862 4857 2609 
3530 
4866 3530 3684 
4865 4739 3685 1671 
3516 4868 
4869 4867 
3521 4880 4868 4870 
4871 4869 
4872 4870 
3526 4871 
1292 4890 
4875 4852 
3661 1694 4874 4876 
4875 3663 4849 4851 
4878 
3515 3665 4877 4849 
3521 
3515 3666 3527 4869 
2435 4882 
481 4881 
481 
3591 3505 
757 1010 
3675 3677 
1016 4854 
216 217 1198 2876 
4890 3502 
4873 4889 
3502 4898 4892 
3398 4891 
4894 
1989 2421 4893 
4896 
4897 4895 
4914 4915 4896 
4891 4899 
4900 4898 
4899 4901 
4900 4902 
4901 4903 
4902 4904 
4972 4903 4905 
4904 4906 
3398 4905 
3645 1989 1986 
2508 3703 4909 
3690 4908 4913 
3690 4911 
4912 4910 
4911 4913 
4909 4912 3703 
4897 4932 2874 3642 
4897 3644 
4917 3644 
4916 4918 
2230 4917 
2230 4920 
4919 4921 
3687 4920 
3527 4923 
4922 4615 
4925 3682 
1312 4926 4924 
4927 4925 
216 4926 
4929 4944 2876 2869 
4928 4930 
4931 4929 2871 
4932 2873 4930 
4914 4931 
4934 3642 
2571 4933 
3897 
4203 
2856 2480 
5134 4941 4076 3122 
4076 4940 
4939 5 
4938 4077 
4077 2486 
4944 3709 3704 
4928 4943 3711 
1314 4209 4946 
4945 4947 
4948 4946 
4949 4947 
4948 3834 
3834 4951 
4950 4952 
4953 4951 
4952 4954 
4953 4955 
4954 4956 
4955 4957 
4956 4958 
4959 4957 
4958 4960 
4959 3833 
2579 4962 4978 3406 
4961 4963 
4962 4964 
4963 4965 
4966 4964 
4965 4967 
4968 4966 
4969 4967 
4982 4968 
2869 5024 1199 1202 
3849 3405 3876 3844 
4973 4904 
1283 4972 
4975 3643 
4974 2570 
2564 4977 4982 
5002 4976 
4961 5026 4979 3403 
4980 4978 
4983 4979 4981 
4980 4982 
4969 4976 4981 
4980 
4985 4416 
4986 4984 
4987 4985 
4986 971 
4990 4989 
4988 346 
4991 4988 
4990 4424 
4425 
4428 
4995 2501 
4996 4994 
4997 4995 
4998 4996 
4997 4999 
4998 1003 
5001 1003 
5000 4418 
5003 4977 
5004 5010 5002 
5003 2566 
5006 2568 
5022 5010 5021 5009 5005 5007 
5006 5008 5050 
5009 5007 
5008 5016 5006 5010 
5009 5006 5003 
5012 3402 
5026 5011 5027 5013 
5018 5012 5014 
5015 5020 5013 
5014 5016 
5017 5015 5009 
5016 
5013 5019 5049 5048 
5018 
5014 
5006 
5023 5006 
5022 5051 2569 
1204 5030 4970 
2871 5030 3399 
5012 4978 
5028 5012 5065 5064 
5029 5027 
3399 5028 2873 5054 
1208 5025 5024 
4217 1208 
5033 4217 
5034 5032 
5033 3844 
5036 758 
5035 5037 
5038 5036 
5037 5039 
5038 5040 
5039 762 
4621 5042 
5041 
4653 
2991 5045 
5044 909 
5047 5075 
5048 5074 5046 
5047 5018 
5018 
5051 5007 
5052 5050 5023 
5051 5053 
5054 5052 
5029 5053 
4207 5056 
5055 3533 
5058 
5057 5059 
5062 5060 5058 
5059 5076 
5073 5062 
5059 5063 5061 
5062 5075 
5027 3401 
5027 5066 
5065 5067 
5068 5066 
5069 5067 
5068 5070 
5071 5069 
5070 5072 
5071 
5061 
5076 5047 
5063 5046 
5060 5074 
2508 2509 228 226 
5079 3058 
5080 5078 
5079 
5082 3060 
5083 5081 
5084 5082 
5083 5085 
5084 5086 
5087 5085 
1842 5086 
5089 2510 2512 
5088 
3900 3899 5091 
5090 
2231 5093 
5092 5094 
5093 5095 
5096 5094 
5097 5095 
5096 5098 
5099 5097 
5098 5100 
5101 5099 
5102 5100 
5101 3687 
224 
225 
222 
5107 2518 
5106 5108 
5109 5107 
2515 5108 
2515 229 
229 5112 
5113 5111 
5114 5112 
5113 5115 
5114 5116 
1197 4846 5115 
5118 3069 
3086 5117 
3086 3077 
5121 3077 
3024 3025 5124 5120 
3076 5124 5123 5125 
5122 1431 
5121 5122 
5126 5122 
5125 3158 
3100 5128 
5129 5127 
5128 3057 
3057 5131 
5130 3071 
3391 213 
3391 3135 
5135 4938 
5136 5134 
5137 5135 
5138 5136 
5139 5137 
5138 5140 
5139 3390 
 